1.5000000447 -1.5
1.50000017323 -1.375
1.50000015646 -1.25
1.50000371272 -1.125
1.49999903142 -1
1.50000356417 -0.875
1.4999332428 -0.75
1.4989688159 -0.625
1.4993332848 -0.5
1.4543776256 -0.375
1.50989866257 -0.25
1.84962222306 -0.125
2.31311227381 0
2.84672889672 0.125
3.31380957365 0.25
3.50678010378 0.375
3.58473561704 0.5
3.63700438663 0.625
3.66531278193 0.75
3.70114454813 0.875
3.74455583096 1
3.81235430017 1.125
3.8857691288 1.25
3.94849927351 1.375
4.00994305313 1.5
4.07320529409 1.625
4.14086543024 1.75
4.21870510653 1.875
4.30022251606 2
4.37840103451 2.125
4.46056675911 2.25
4.55449891835 2.375
4.6518214941 2.5
4.74572614767 2.625
4.83928906918 2.75
4.93261143938 2.875
5.02780994773 3
5.1279699076 3.125
5.23028662801 3.25
5.33360728621 3.375
5.43606159091 3.5
5.53428443894 3.625
5.63160744309 3.75
5.73115541413 3.875
5.83018365502 4
5.92773090489 4.125
6.021571666 4.25
6.10929293185 4.375
6.19049596786 4.5
6.26289984584 4.625
6.32973814011 4.75
6.39398097806 4.875
6.45413777232 5
6.51034243777 5.125
6.56069159508 5.25
6.60380819812 5.375
6.6382471621 5.5
6.65852391534 5.625
6.67537987232 5.75
6.69667164236 5.875
6.72556906939 6
6.77833877876 6.125
6.82354703546 6.25
6.82331674919 6.375
6.81324461102 6.5
