3.06722837687 -0.225
3.0722219944 -0.2
3.08737702931 -0.175
3.11217093468 -0.15
3.14116257429 -0.125
3.17412686348 -0.1
3.20855358243 -0.075
3.24585700035 -0.05
3.28642757237 -0.025
3.33082652092 0
3.38093371689 0.025
3.43318367004 0.05
3.4841928333 0.075
3.53529524803 0.1
3.58738657832 0.125
3.63839840889 0.15
3.68652111292 0.175
3.73187398911 0.2
3.77300362289 0.225
3.81281852722 0.25
3.8541328311 0.275
3.89577627182 0.3
3.93792966008 0.325
3.97935390472 0.35
4.01886954904 0.375
4.05647850037 0.4
4.09125953913 0.425
4.12480258942 0.45
4.15866020322 0.475
4.19202327728 0.5
4.22456774116 0.525
4.25639104843 0.55
4.28759148717 0.575
4.31784248352 0.6
4.34677022696 0.625
4.37461471558 0.65
4.40162494779 0.675
4.42740011215 0.7
4.45111638308 0.725
4.47429180145 0.75
4.498367697 0.775
4.52275037766 0.8
4.54770305753 0.825
4.57209634781 0.85
4.59483122826 0.875
4.61607980728 0.9
4.63467082381 0.925
4.65353536606 0.95
4.67545974255 0.975
4.69970703125 1
4.72780025005 1.025
4.75574588776 1.05
4.77982857823 1.075
4.80073690414 1.1
4.81764632463 1.125
4.83138084412 1.15
4.84273284674 1.175
4.85097265244 1.2
4.85259157419 1.225
4.85671901703 1.25
4.87183898687 1.275
4.89637899399 1.3
4.93610176444 1.325
4.97748565674 1.35
5.00766184926 1.375
5.03043460846 1.4
5.04202896357 1.425
5.05231380463 1.45
5.07077547908 1.475
5.09478664398 1.5
5.12656587362 1.525
5.16106176376 1.55
5.19341376424 1.575
5.22526788712 1.6
5.25795459747 1.625
5.28755998611 1.65
5.310613662 1.675
5.32711553574 1.7
5.33328834176 1.725
5.33699321747 1.75
5.34567019343 1.775
5.35680532455 1.8
5.3709115386 1.825
5.38634824753 1.85
5.40139940381 1.875
5.41680431366 1.9
5.43310305476 1.925
5.44917726517 1.95
5.46401706338 1.975
5.47783708572 2
5.49008759856 2.025
5.50205183029 2.05
5.514944911 2.075
5.52842140198 2.1
5.54260990024 2.125
5.55730342865 2.15
5.57227280736 2.175
5.58771324158 2.2
5.60397079587 2.225
5.62036371231 2.25
5.63626462221 2.275
5.65185642242 2.3
5.66708290577 2.325
5.68203401566 2.35
5.69682437181 2.375
5.7113237381 2.4
5.72543361783 2.425
5.73917341232 2.45
5.75255921483 2.475
5.76550245285 2.5
5.77760732174 2.525
5.78981161118 2.55
5.80300313234 2.575
5.81693601608 2.6
5.83213943243 2.625
5.84717607498 2.65
5.86072057486 2.675
5.87296628952 2.7
5.88351657987 2.725
5.89281606674 2.75
5.9013466537 2.775
5.90859985352 2.8
5.91379806399 2.825
5.9182305336 2.85
5.92309871316 2.875
5.9278883934 2.9
5.93236216903 2.925
5.93689107895 2.95
5.94177880883 2.975
5.94699001312 3
5.95258244872 3.025
5.95858049393 3.05
5.96498388052 3.075
5.97192430496 3.1
5.97968831658 3.125
5.98781108856 3.15
5.9958666265 3.175
6.00402498245 3.2
6.01256161928 3.225
6.02073431015 3.25
6.02787744999 3.275
6.03403663635 3.3
6.03872635961 3.325
6.04287433624 3.35
6.0473766923 3.375
6.05184268951 3.4
6.05618798733 3.425
6.06038951874 3.45
6.06441378593 3.475
6.06820774078 3.5
6.07167202234 3.525
6.07491207123 3.55
6.07803407311 3.575
6.08093643188 3.6
6.08353161812 3.625
6.0858836174 3.65
6.08802586794 3.675
6.08996248245 3.7
6.09126076102 3.725
6.09326457977 3.75
6.09719952941 3.775
6.10298776627 3.8
6.11159989238 3.825
6.12111616135 3.85
6.12970474362 3.875
6.13807249069 3.9
6.14633065462 3.925
6.1544342041 3.95
6.16238930821 3.975
6.17015361786 4
6.17764341831 4.025
6.18498897552 4.05
6.19231885672 4.075
6.19955444336 4.1
6.20664796233 4.125
6.21363544464 4.15
6.22053945065 4.175
6.22735261917 4.2
6.2339040935 4.225
6.24070692062 4.25
6.24822983146 4.275
6.25643491745 4.3
6.2656839788 4.325
6.27524662018 4.35
6.2844260335 4.375
6.29348325729 4.4
6.30243095756 4.425
6.31131744385 4.45
6.32020545006 4.475
6.3290643692 4.5
6.33787721395 4.525
6.34666585922 4.55
6.35545176268 4.575
6.36421918869 4.6
6.37295439839 4.625
6.38167285919 4.65
6.39039796591 4.675
6.39909219742 4.7
6.40782544017 4.725
6.41629886627 4.75
6.42424237728 4.775
6.43163967133 4.8
6.43819534779 4.825
6.44447660446 4.85
6.45102408528 4.875
6.45762205124 4.9
6.46424293518 4.925
6.47086286545 4.95
6.47744783759 4.975
6.48400068283 5
6.49050736427 5.025
6.49698448181 5.05
6.50344860554 5.075
6.50988578796 5.1
6.51627972722 5.125
6.52265405655 5.15
6.5290312469 5.175
6.53539848328 5.2
6.54175063968 5.225
6.54808712006 5.25
6.55440738797 5.275
6.56070613861 5.3
6.56697165966 5.325
6.57322263718 5.35
6.57947686315 5.375
6.58572530746 5.4
6.59196379781 5.425
6.59819555283 5.45
6.60442325473 5.475
6.61064434052 5.5
6.61685451865 5.525
6.62306165695 5.55
6.6292732656 5.575
6.63548612595 5.6
6.64167526364 5.625
6.64791345596 5.65
6.65429309011 5.675
6.66073036194 5.7
6.66751661897 5.725
6.67361879349 5.75
6.67809605598 5.775
6.6809630394 5.8
6.6813621223 5.825
6.68096923828 5.85
6.68138352036 5.875
6.68197774887 5.9
6.68267416954 5.925
6.68342351913 5.95
6.68414226174 5.975
6.68485546112 6
6.68555894494 6.025
6.68625688553 6.05
6.68695384264 6.075
6.68764448166 6.1
6.68833249807 6.125
6.68899536133 6.15
6.68961265683 6.175
6.69018173218 6.2
6.69067528844 6.225
6.69114685059 6.25
6.69164708257 6.275
6.69215726852 6.3
6.69267687201 6.325
6.69320201874 6.35
6.6937277019 6.375
6.69425678253 6.4
6.69479098916 6.425
6.69532871246 6.45
6.69586843252 6.475
6.69641160965 6.5
